"name","sampled_corr_stat","sampled_corr_sig","rarefied_corr_stat","rarefied_corr_sig","max_age","mid_age","min_age","duration","abbr","color"
"piacenzian",0.861521271161235,0.000316377070395703,0.877798108739427,0.00415428214030063,3.6,3.094,2.588,1.012,"Pc","#FFFFBF"
"zanclean",0.826969557214071,0.000906419496154799,0.907167846943072,0.000115693372497057,5.333,4.4665,3.6,1.733,"Z","#FFFFB3"
"messinian",0.68150864725752,0.0146616374965047,0.832793509413138,0.0200231810777212,7.246,6.2895,5.333,1.913,"Mss","#FFFF73"
"tortonian",0.868541522186818,0.000246937703246525,0.967183388008964,8.61926749652234e-05,11.62,9.433,7.246,4.374,"Trt","#FFFF66"
"serravallian",0.899102346480022,6.93726612307234e-05,0.977226375698645,2.90261149973899e-05,13.82,12.72,11.62,2.2,"Srr","#FFFF59"
"langhian",0.838733208715242,0.000650922953929137,0.939068631285176,0.000540009958504609,15.97,14.895,13.82,2.15,"Ln","#FFFF4D"
"burdigalian",0.787983341449045,0.00233420622320928,0.90701379678518,0.000736329785529456,20.44,18.205,15.97,4.47,"Brd","#FFFF41"
"aquitanian",0.867615468892401,0.000255343679712948,0.876231410462815,0.0220300109306973,23.03,21.735,20.44,2.59,"Aq","#FFFF33"
"chattian",0.914087672962665,3.18643716961943e-05,0.921989071637119,0.00111852004638326,28.1,25.565,23.03,5.07,"Cht","#FEE6AA"
"rupelian",0.890043021103654,0.000104970404384858,0.976339326782054,3.25298793687619e-05,33.9,31,28.1,5.8,"Rp","#FED99A"
"priabonian",0.954341453294429,1.44717777933198e-06,0.943849501546514,4.06279184215861e-05,38,35.95,33.9,4.1,"Prb","#FDCDA1"
"bartonian",0.954400532518882,1.43798328567242e-06,0.967218873290099,8.59156844880957e-05,41.3,39.65,38,3.3,"Brt","#FDC091"
"lutetian",0.87660859138394,0.000182475234863494,0.884801259348808,0.00152381991611228,47.8,44.55,41.3,6.5,"Lt","#FCB482"
"ypresian",0.888645237024496,0.000111542625179865,0.924435272886923,0.000362500690425386,56,51.9,47.8,8.2,"Y","#FCA773"
"thanetian",0.726398692357207,0.00746152416992552,0.829408301756405,0.0210116113740052,59.2,57.6,56,3.2,"Th","#FDBF6F"
"selandian",0.881636615346999,0.000149513391525112,0.952773418570663,0.000907492457750303,61.6,60.4,59.2,2.4,"Sl","#FEBF65"
"danian",0.799828524254253,0.00178893864085569,0.84235705465185,0.00113744339401357,66,63.8,61.6,4.4,"Dn","#FDB462"
"maastrichtian",0.915058521334232,3.01545799817675e-05,0.965512537249977,1.46320561116514e-06,72.1,69.05,66,6.1,"Mst","#F2FA8C"
"campanian",0.945123350999931,3.5731164566742e-06,0.969621268000365,3.59199640051124e-06,83.6,77.85,72.1,11.5,"Cm","#E6F47F"
"santonian",0.89321908454704,9.1162953177636e-05,0.950798191512503,0.000286891507317147,86.3,84.95,83.6,2.7,"Snt","#D9EF74"
"coniacian",0.894100176022906,8.75973364992825e-05,0.964167958393903,6.90663738639951e-06,89.8,88.05,86.3,3.5,"Cnc","#CCE968"
"turonian",0.921317411294471,2.07884844390506e-05,0.985270053788493,1.2589404736856e-06,93.9,91.85,89.8,4.1,"Trnn","#BFE35D"
"cenomanian",0.907763140047607,4.49585841541531e-05,0.968371460206012,1.79631813609667e-05,100.5,97.2,93.9,6.6,"Cnm","#B3DE53"
"albian",0.758436914524473,0.00424679694963784,0.895725803196583,0.000191900186730216,113,106.75,100.5,12.5,"Alb","#CCEA97"
"aptian",0.639412033553229,0.0251685911723648,0.746456490155934,0.0131388874275097,125,119,113,12,"Ap","#BFE48A"
"barremian",0.639976302266215,0.0249994211618216,0.668335894763181,0.0700255337838547,129.4,127.2,125,4.4,"Brrm","#B3DF7F"
"hauterivian",0.416904890139767,0.17757027598168,0.578866255893512,0.0795375206397309,132.9,131.15,129.4,3.5,"Htr","#A6D975"
"valanginian",0.550141487127477,0.0638437663474896,0.930715144210777,0.000788877713393828,139.8,136.35,132.9,6.9,"Vl","#99D36A"
"berriasian",0.673870934772245,0.0162688405382161,0.801331911928225,0.00302451632980555,145,142.4,139.8,5.2,"Brrs","#8CCD60"
"tithonian",0.844214395763364,0.000552919035883765,0.929537719517913,1.21432921212528e-05,152.1,148.55,145,7.1,"Tt","#D9F1F7"
"kimmeridgian",0.873976581655458,0.00020185342899151,0.953614276342612,1.56421854058538e-06,157.3,154.7,152.1,5.2,"Km","#CCECF4"
"oxfordian",0.904585304848334,5.29640750370162e-05,0.964693927090093,6.51412101070516e-06,163.5,160.4,157.3,6.2,"Ox","#BFE7F1"
"callovian",0.922469814810927,1.93483237528983e-05,0.980332695547648,6.39249834101921e-07,166.1,164.8,163.5,2.6,"Cll","#BFE7E5"
"bathonian",0.908263380204793,4.37904002700546e-05,0.938569176014084,1.89020352836548e-05,168.3,167.2,166.1,2.2,"Bt","#B3E2E3"
"bajocian",0.911916752933307,3.5964129521589e-05,0.991093551433669,2.17638852758435e-07,170.3,169.3,168.3,2,"Bj","#A6DDE0"
"aalenian",0.924300958757498,1.722289856458e-05,0.98458905843299,9.04470241181009e-06,174.1,172.2,170.3,3.8,"Aln","#9AD9DD"
"toarcian",0.940321123849684,5.39087375420531e-06,0.978203193533534,9.61932156203451e-07,182.7,178.4,174.1,8.6,"Trc","#99CEE3"
"pliensbachian",0.963459049123001,4.82519621024259e-07,0.97187457582763,2.64630977454607e-06,190.8,186.75,182.7,8.1,"Pl","#80C5DD"
"sinemurian",0.955367220704283,1.29400680362531e-06,0.953967000839651,5.27657996031117e-06,199.3,195.05,190.8,8.5,"Snm","#67BCD8"
"hettangian",0.952834996755314,1.69785587190869e-06,0.977976793240136,2.62651860312138e-05,201.3,200.3,199.3,2,"Htt","#4EB3D3"
"rhaetian",0.969292680658299,2.04221988918143e-07,0.96747743225145,0.000360003722232788,208.5,204.9,201.3,7.2,"Rht","#E3B9DB"
"norian",0.988550971634501,1.51980727220277e-09,0.975333707261623,7.57599116396071e-06,228,218.25,208.5,19.5,"N","#D6AAD3"
"carnian",0.923924784802267,1.76437111723163e-05,0.934691735404617,0.000662713176535265,237,232.5,228,9,"Cr","#C99BCB"
"ladinian",0.963856023198439,4.57179549806004e-07,0.949865957195531,2.60098996445056e-05,242,239.5,237,5,"Ldn","#C983BF"
"anisian",0.886684368552183,0.00012130078357416,0.912738782225149,0.000228057947644377,247.2,244.6,242,5.2,"An","#BC75B7"
"olenekian",0.956875208381921,1.09247619364184e-06,0.972524339735549,2.412009520048e-06,251.2,249.2,247.2,4,"Ol","#B051A5"
"induan",0.959569564537296,7.94878483539354e-07,0.969599428162948,8.34392088259926e-07,252.17,251.685,251.2,0.97,"I","#A4469F"
"changhsingian",0.969828421261211,1.87186910058163e-07,0.9705285784359,3.18522230410195e-06,254.17,253.17,252.17,2,"Chn","#FCC0B2"
"wuchiapingian",0.956688686837373,1.11595434480999e-06,0.914007982751412,8.2818456739628e-05,259.9,257.035,254.17,5.73,"Wc","#FCB4A2"
"capitanian",0.875424096208641,0.000191007307039876,0.956302535044531,1.16583389749484e-06,265.1,262.5,259.9,5.2,"Cp","#FB9A85"
"wordian",0.895271824430041,8.3026304305371e-05,0.934722443441853,2.47034514310107e-05,268.8,266.95,265.1,3.7,"Wr","#FB8D76"
"roadian",0.89441123873518,8.63649915006097e-05,0.97562192357643,3.11661702359766e-07,272.3,270.55,268.8,3.5,"Rd","#FB8069"
"kungurian",0.820914762704168,0.0010649302701725,0.945380388151715,1.12503987731828e-05,279.3,275.8,272.3,7,"Kn","#E38776"
"artinskian",0.873594162991173,0.000204797575705027,0.980586941020227,2.1019220661797e-08,290.1,284.7,279.3,10.8,"Art","#E37B68"
"sakmarian",0.764050161623336,0.00381478897085348,0.897025265598869,0.000181722239455676,295.5,292.8,290.1,5.4,"Sk","#E36F5C"
"asselian",0.665994349094105,0.018058242937386,0.832999531504884,0.00145355775325864,298.9,297.2,295.5,3.4,"As","#E36350"
